C0 00 00 00 18 E1 00 30 D5 00 11 52 00 16 79 00 22 3E 00 19 B6 00 27 5C 00 10 4B
C0 00 00 00 18 F7 00 30 85 00 11 7C 00 16 A2 00 22 6E 00 19 93 00 27 3B 00 10 52
C0 00 00 00 19 01 00 30 CE 00 11 61 00 16 75 00 22 33 00 19 CB 00 27 3C 00 10 61
C0 00 00 00 18 EC 00 30 9D 00 11 60 00 16 6D 00 22 2F 00 19 96 00 27 4B 00 10 4A
C0 00 00 00 18 D4 00 30 BE 00 11 6B 00 16 9E 00 22 34 00 19 92 00 27 41 00 10 34
C0 00 00 00 18 D4 00 30 B6 00 11 84 00 16 92 00 22 57 00 19 80 00 27 3B 00 10 29
C0 00 00 00 18 E0 00 30 A5 00 11 70 00 16 8D 00 22 30 00 19 9C 00 27 55 00 10 44
C0 00 00 00 19 1A 00 30 81 00 11 6D 00 16 77 00 22 41 00 19 9F 00 27 73 00 10 39
C0 00 00 00 19 10 00 30 A8 00 11 7A 00 16 92 00 22 46 00 19 9E 00 27 4C 00 10 59
C0 00 00 00 18 FE 00 30 B4 00 11 46 00 16 7F 00 22 55 00 19 94 00 27 4A 00 10 22
C0 00 00 00 18 F7 00 30 C4 00 11 6F 00 16 9D 00 22 45 00 19 AC 00 27 4B 00 10 4E
C0 00 00 00 18 FE 00 30 C1 00 11 72 00 16 8C 00 22 39 00 19 92 00 27 3A 00 10 71
C0 00 00 00 19 1F 00 30 C1 00 11 72 00 16 89 00 22 5A 00 19 AF 00 27 6B 00 10 6F
C0 00 00 00 18 ED 00 30 94 00 11 6D 00 16 79 00 22 6E 00 19 8A 00 27 3E 00 10 4B
C0 00 00 00 18 FA 00 30 A4 00 11 59 00 16 8A 00 22 3C 00 19 A5 00 27 4A 00 10 48
C0 00 00 00 18 F3 00 30 AC 00 11 6A 00 16 7E 00 22 5B 00 19 90 00 27 4D 00 10 3D
C0 00 00 00 18 DB 00 30 AA 00 11 6D 00 16 89 00 22 5F 00 19 83 00 27 36 00 10 46
C0 00 00 00 18 F0 00 30 96 00 11 66 00 16 7C 00 22 50 00 19 8A 00 27 4A 00 10 4C
C0 00 00 00 18 EA 00 30 C4 00 11 63 00 16 75 00 22 40 00 19 91 00 27 45 00 10 5D
C0 00 00 00 18 E8 00 30 8B 00 11 7B 00 16 78 00 22 61 00 19 98 00 27 26 00 10 4E
C0 00 00 00 18 FF 00 30 A8 00 11 9A 00 16 7F 00 22 79 00 19 9F 00 27 63 00 10 5A
C0 00 00 00 19 2C 00 30 B5 00 11 66 00 16 80 00 22 36 00 19 BB 00 27 46 00 10 53
C0 00 00 00 19 04 00 30 B4 00 11 5A 00 16 A9 00 22 35 00 19 9E 00 27 40 00 10 3E
C0 00 00 00 18 F7 00 30 A6 00 11 4A 00 16 9E 00 22 37 00 19 94 00 27 36 00 10 5B
C0 00 00 00 18 FA 00 30 B4 00 11 74 00 16 8E 00 22 39 00 19 94 00 27 62 00 10 65
C0 00 00 00 18 F4 00 30 C8 00 11 6B 00 16 81 00 22 3B 00 19 A6 00 27 3C 00 10 6E
C0 00 00 00 18 DA 00 30 BD 00 11 6E 00 16 9E 00 22 58 00 19 A1 00 27 2D 00 10 57
C0 00 00 00 19 02 00 30 A1 00 11 5D 00 16 7B 00 22 4E 00 19 A8 00 27 4E 00 10 4F
C0 00 00 00 19 22 00 30 B9 00 11 7D 00 16 84 00 22 41 00 19 8D 00 27 4A 00 10 51
C0 00 00 00 18 EE 00 30 AF 00 11 79 00 16 9C 00 22 54 00 19 AA 00 27 5D 00 10 2B
C0 00 00 00 19 0D 00 30 AA 00 11 7D 00 16 7A 00 22 5A 00 19 90 00 27 6A 00 10 61
C0 00 00 00 18 F4 00 30 91 00 11 70 00 16 9F 00 22 3E 00 19 97 00 27 72 00 10 57
C0 00 00 00 18 F9 00 30 A5 00 11 61 00 16 8B 00 22 36 00 19 8A 00 27 42 00 10 36
C0 00 00 00 18 E7 00 30 C1 00 11 7C 00 16 8A 00 22 5E 00 19 94 00 27 53 00 10 44
C0 00 00 00 18 FA 00 30 94 00 11 80 00 16 9E 00 22 4C 00 19 C2 00 27 3C 00 10 5D
C0 00 00 00 18 E4 00 30 AC 00 11 6A 00 16 AE 00 22 5E 00 19 C8 00 27 36 00 10 49
C0 00 00 00 18 E2 00 30 A1 00 11 59 00 16 A4 00 22 45 00 19 A4 00 27 59 00 10 61
C0 00 00 00 18 DB 00 30 97 00 11 61 00 16 9F 00 22 48 00 19 C6 00 27 5F 00 10 58
C0 00 00 00 19 0C 00 30 7A 00 11 58 00 16 A6 00 22 81 00 19 B5 00 27 41 00 10 4B
C0 00 00 00 18 F2 00 30 97 00 11 8D 00 16 84 00 22 36 00 19 9A 00 27 35 00 10 6B
C0 00 00 00 19 10 00 30 B3 00 11 70 00 16 9A 00 22 47 00 19 B5 00 27 54 00 10 3A
C0 00 00 00 18 EF 00 30 B9 00 11 63 00 16 A6 00 22 53 00 19 A5 00 27 45 00 10 46
C0 00 00 00 18 DC 00 30 BC 00 11 65 00 16 A6 00 22 6E 00 19 BA 00 27 43 00 10 37
C0 00 00 00 19 09 00 30 B7 00 11 90 00 16 8D 00 22 3E 00 19 9E 00 27 33 00 10 7F
C0 00 00 00 18 F3 00 30 93 00 11 8B 00 16 A7 00 22 58 00 19 97 00 27 6F 00 10 76
C0 00 00 00 18 DE 00 30 BA 00 11 6D 00 16 8B 00 22 41 00 19 99 00 27 5A 00 10 3C
C0 00 00 00 18 D2 00 30 87 00 11 6D 00 16 A6 00 22 68 00 19 98 00 27 51 00 10 4C
C0 00 00 00 18 DA 00 30 BC 00 11 81 00 16 91 00 22 50 00 19 B5 00 27 3A 00 10 5D
C0 00 00 00 18 D4 00 30 A9 00 11 5D 00 16 89 00 22 4B 00 19 C1 00 27 3A 00 10 49
C0 00 00 00 18 E7 00 30 A3 00 11 8B 00 16 AE 00 22 4B 00 19 B2 00 27 50 00 10 58
C0 00 00 00 18 E6 00 30 B7 00 11 7E 00 16 B4 00 22 68 00 19 A9 00 27 43 00 10 23
C0 00 00 00 18 E9 00 30 AE 00 11 88 00 16 91 00 22 50 00 19 9F 00 27 5F 00 10 5F
C0 00 00 00 19 0F 00 30 86 00 11 75 00 16 9A 00 22 75 00 19 A3 00 27 40 00 10 41
C0 00 00 00 18 EF 00 30 AC 00 11 5B 00 16 97 00 22 6E 00 19 A1 00 27 68 00 10 41
C0 00 00 00 18 EF 00 30 BB 00 11 74 00 16 95 00 22 61 00 19 A3 00 27 46 00 10 5F
C0 00 00 00 18 F5 00 30 AA 00 11 7A 00 16 6F 00 22 43 00 19 BA 00 27 3E 00 10 61
C0 00 00 00 19 08 00 30 AD 00 11 9A 00 16 9A 00 22 3C 00 19 BA 00 27 53 00 10 53
C0 00 00 00 18 F8 00 30 AC 00 11 7D 00 16 8E 00 22 58 00 19 9E 00 27 34 00 10 53
C0 00 00 00 18 F9 00 30 C2 00 11 91 00 16 A0 00 22 54 00 19 BE 00 27 57 00 10 50
C0 00 00 00 18 F0 00 30 C0 00 11 77 00 16 B5 00 22 59 00 19 85 00 27 61 00 10 4B
C0 00 00 00 18 DF 00 30 B9 00 11 5F 00 16 84 00 22 47 00 19 A8 00 27 40 00 10 63
C0 00 00 00 18 F0 00 30 A0 00 11 72 00 16 8E 00 22 65 00 19 AA 00 27 42 00 10 56
C0 00 00 00 18 F8 00 30 A7 00 11 5A 00 16 7C 00 22 4B 00 19 8B 00 27 4A 00 10 30
C0 00 00 00 18 E6 00 30 A7 00 11 72 00 16 A9 00 22 64 00 19 AB 00 27 27 00 10 53
C0 00 00 00 18 F7 00 30 AC 00 11 65 00 16 7F 00 22 66 00 19 B0 00 27 59 00 10 48
C0 00 00 00 19 05 00 30 A9 00 11 98 00 16 8B 00 22 5B 00 19 A4 00 27 36 00 10 63
C0 00 00 00 18 E2 00 30 AE 00 11 7E 00 16 91 00 22 4D 00 19 B7 00 27 3C 00 10 61
C0 00 00 00 18 D4 00 30 A8 00 11 88 00 16 73 00 22 55 00 19 BA 00 27 56 00 10 51
C0 00 00 00 18 D5 00 30 B0 00 11 6E 00 16 75 00 22 4C 00 19 96 00 27 4F 00 10 58
C0 00 00 00 18 ED 00 30 BD 00 11 51 00 16 A9 00 22 51 00 19 A6 00 27 3A 00 10 50
C0 00 00 00 18 EB 00 30 9D 00 11 68 00 16 9D 00 22 3C 00 19 A7 00 27 3C 00 10 56
C0 00 00 00 18 F5 00 30 BF 00 11 6C 00 16 B5 00 22 49 00 19 A2 00 27 3A 00 10 6D
C0 00 00 00 19 03 00 30 8E 00 11 6E 00 16 8B 00 22 2D 00 19 BD 00 27 54 00 10 6B
C0 00 00 00 18 F3 00 30 BA 00 11 89 00 16 A5 00 22 4D 00 19 A4 00 27 44 00 10 3E
C0 00 00 00 18 E5 00 30 C2 00 11 7E 00 16 92 00 22 36 00 19 A0 00 27 5F 00 10 3B
C0 00 00 00 18 FB 00 30 9C 00 11 73 00 16 9B 00 22 37 00 19 85 00 27 4B 00 10 4E
C0 00 00 00 19 08 00 30 9B 00 11 5D 00 16 8E 00 22 50 00 19 91 00 27 4C 00 10 4F
C0 00 00 00 18 ED 00 30 DF 00 11 71 00 16 7D 00 22 5D 00 19 A8 00 27 4F 00 10 60
C0 00 00 00 19 10 00 30 9C 00 11 61 00 16 81 00 22 5C 00 19 A4 00 27 43 00 10 7C
C0 00 00 00 18 FC 00 30 A0 00 11 82 00 16 9A 00 22 4A 00 19 BE 00 27 57 00 10 44
C0 00 00 00 18 CC 00 30 AF 00 11 9C 00 16 A5 00 22 59 00 19 A6 00 27 53 00 10 3A
C0 00 00 00 18 D8 00 30 A8 00 11 61 00 16 92 00 22 5E 00 19 83 00 27 42 00 10 4C
C0 00 00 00 18 D3 00 30 CC 00 11 70 00 16 9B 00 22 66 00 19 B0 00 27 47 00 10 5E
C0 00 00 00 18 D4 00 30 B7 00 11 81 00 16 8C 00 22 5B 00 19 AE 00 27 57 00 10 4C
C0 00 00 00 18 F5 00 30 BD 00 11 8D 00 16 9F 00 22 62 00 19 AB 00 27 45 00 10 4E
C0 00 00 00 18 F1 00 30 9E 00 11 8C 00 16 B1 00 22 48 00 19 90 00 27 52 00 10 4E
C0 00 00 00 19 13 00 30 A2 00 11 7E 00 16 8B 00 22 4E 00 19 8D 00 27 24 00 10 67
C0 00 00 00 18 EC 00 30 BF 00 11 83 00 16 6D 00 22 52 00 19 95 00 27 37 00 10 5C
C0 00 00 00 18 EF 00 30 BE 00 11 9C 00 16 95 00 22 7B 00 19 AE 00 27 5A 00 10 5B
C0 00 00 00 18 D9 00 30 A2 00 11 7F 00 16 AA 00 22 56 00 19 C1 00 27 44 00 10 50
C0 00 00 00 18 D0 00 30 AB 00 11 6A 00 16 A9 00 22 32 00 19 9F 00 27 41 00 10 55
C0 00 00 00 18 E6 00 30 A5 00 11 81 00 16 92 00 22 3C 00 19 9E 00 27 4E 00 10 67
C0 00 00 00 18 FF 00 30 A5 00 11 8E 00 16 91 00 22 66 00 19 AD 00 27 40 00 10 51
C0 00 00 00 18 EF 00 30 B9 00 11 6D 00 16 9B 00 22 5A 00 19 B9 00 27 4C 00 10 5A
C0 00 00 00 19 0A 00 30 C6 00 11 65 00 16 97 00 22 58 00 19 9C 00 27 4F 00 10 50
C0 00 00 00 19 10 00 30 CC 00 11 78 00 16 98 00 22 44 00 19 A5 00 27 43 00 10 6C
C0 00 00 00 18 FE 00 30 AB 00 11 84 00 16 AA 00 22 49 00 19 88 00 27 4B 00 10 4F
C0 00 00 00 18 F2 00 30 87 00 11 84 00 16 93 00 22 84 00 19 92 00 27 40 00 10 3E
C0 00 00 00 18 E8 00 30 BE 00 11 72 00 16 8B 00 22 61 00 19 B9 00 27 51 00 10 60
C0 00 00 00 18 EE 00 30 BC 00 11 70 00 16 81 00 22 64 00 19 B7 00 27 3C 00 10 5E
C0 00 00 00 18 E8 00 30 AD 00 11 6B 00 16 95 00 22 3C 00 19 84 00 27 5E 00 10 5D
C0 00 00 00 18 D1 00 30 CB 00 11 76 00 16 A6 00 22 55 00 19 A6 00 27 4B 00 10 61
C0 00 00 00 18 E4 00 30 B9 00 11 77 00 16 AD 00 22 7E 00 19 B7 00 27 4B 00 10 43
C0 00 00 00 18 E5 00 30 B7 00 11 7F 00 16 92 00 22 43 00 19 99 00 27 5F 00 10 52
C0 00 00 00 18 CE 00 30 A8 00 11 6D 00 16 85 00 22 46 00 19 9C 00 27 4A 00 10 62
C0 00 00 00 18 DE 00 30 BA 00 11 76 00 16 AE 00 22 4F 00 19 D6 00 27 5D 00 10 46
C0 00 00 00 18 F5 00 30 9E 00 11 6B 00 16 98 00 22 49 00 19 AC 00 27 52 00 10 5D
C0 00 00 00 18 CF 00 30 AB 00 11 8B 00 16 B3 00 22 34 00 19 AA 00 27 51 00 10 49
C0 00 00 00 18 F6 00 30 AC 00 11 6D 00 16 9E 00 22 43 00 19 A6 00 27 4F 00 10 4D
C0 00 00 00 19 09 00 30 A6 00 11 6C 00 16 7E 00 22 72 00 19 B4 00 27 4D 00 10 57
C0 00 00 00 18 E0 00 30 B5 00 11 68 00 16 90 00 22 4A 00 19 91 00 27 52 00 10 3C
C0 00 00 00 18 DF 00 30 A6 00 11 61 00 16 9A 00 22 64 00 19 A5 00 27 53 00 10 57
C0 00 00 00 18 D2 00 30 8F 00 11 9C 00 16 9A 00 22 59 00 19 AB 00 27 4B 00 10 4D
C0 00 00 00 18 F4 00 30 AC 00 11 76 00 16 86 00 22 46 00 19 A2 00 27 47 00 10 53
C0 00 00 00 18 D8 00 30 AE 00 11 65 00 16 B5 00 22 57 00 19 9C 00 27 53 00 10 42
C0 00 00 00 19 04 00 30 D3 00 11 91 00 16 7C 00 22 48 00 19 A2 00 27 3E 00 10 67
C0 00 00 00 18 F2 00 30 AE 00 11 72 00 16 84 00 22 57 00 19 8F 00 27 54 00 10 71
C0 00 00 00 18 EB 00 30 CC 00 11 73 00 16 B7 00 22 75 00 19 B4 00 27 42 00 10 58
C0 00 00 00 18 EC 00 30 B5 00 11 6B 00 16 95 00 22 45 00 19 AD 00 27 46 00 10 61
C0 00 00 00 19 0A 00 30 B3 00 11 8D 00 16 90 00 22 57 00 19 B7 00 27 4B 00 10 4D
C0 00 00 00 18 D5 00 30 B8 00 11 62 00 16 89 00 22 3C 00 19 A9 00 27 4F 00 10 55
C0 00 00 00 18 F6 00 30 A7 00 11 78 00 16 97 00 22 5B 00 19 A8 00 27 61 00 10 4E
C0 00 00 00 18 C5 00 30 97 00 11 77 00 16 83 00 22 4E 00 19 B2 00 27 2E 00 10 69
C0 00 00 00 18 ED 00 30 A4 00 11 59 00 16 92 00 22 5C 00 19 B7 00 27 43 00 10 49
C0 00 00 00 18 E7 00 30 C3 00 11 76 00 16 AB 00 22 4A 00 19 A4 00 27 33 00 10 48
C0 00 00 00 18 EC 00 30 C7 00 11 77 00 16 90 00 22 6D 00 19 B2 00 27 5C 00 10 58
C0 00 00 00 19 04 00 30 A8 00 11 76 00 16 91 00 22 69 00 19 C1 00 27 54 00 10 52
C0 00 00 00 19 01 00 30 9F 00 11 89 00 16 AA 00 22 69 00 19 A7 00 27 61 00 10 6B
C0 00 00 00 19 01 00 30 AB 00 11 5F 00 16 92 00 22 4C 00 19 91 00 27 4B 00 10 4E
C0 00 00 00 18 F5 00 30 B9 00 11 6D 00 16 9A 00 22 79 00 19 98 00 27 74 00 10 5B
C0 00 00 00 18 D4 00 30 AA 00 11 7D 00 16 A7 00 22 4A 00 19 84 00 27 57 00 10 5B
C0 00 00 00 18 E2 00 30 CB 00 11 9A 00 16 B5 00 22 63 00 19 9C 00 27 4D 00 10 5B
C0 00 00 00 18 ED 00 30 BF 00 11 94 00 16 90 00 22 66 00 19 9A 00 27 52 00 10 46
C0 00 00 00 18 F5 00 30 9E 00 11 86 00 16 AB 00 22 72 00 19 B0 00 27 66 00 10 81
C0 00 00 00 18 E6 00 30 B1 00 11 55 00 16 B1 00 22 65 00 19 99 00 27 62 00 10 61
C0 00 00 00 18 CA 00 30 C4 00 11 7E 00 16 A4 00 22 57 00 19 B1 00 27 4F 00 10 62
C0 00 00 00 18 F3 00 30 B5 00 11 6E 00 16 87 00 22 77 00 19 C4 00 27 6D 00 10 45
C0 00 00 00 18 F7 00 30 B5 00 11 75 00 16 BA 00 22 5E 00 19 8A 00 27 75 00 10 50
C0 00 00 00 18 D6 00 30 BE 00 11 63 00 16 9C 00 22 5C 00 19 C4 00 27 57 00 10 5D
C0 00 00 00 18 E9 00 30 9C 00 11 80 00 16 9C 00 22 83 00 19 90 00 27 4F 00 10 61
C0 00 00 00 18 DE 00 30 9E 00 11 75 00 16 88 00 22 5A 00 19 B1 00 27 5E 00 10 66
C0 00 00 00 19 04 00 30 B7 00 11 83 00 16 9A 00 22 8A 00 19 9A 00 27 56 00 10 58
C0 00 00 00 18 E3 00 30 A5 00 11 66 00 16 A4 00 22 47 00 19 AB 00 27 5C 00 10 70
C0 00 00 00 18 F7 00 30 A4 00 11 87 00 16 8B 00 22 67 00 19 C7 00 27 50 00 10 5D
C0 00 00 00 18 F9 00 30 BE 00 11 90 00 16 88 00 22 44 00 19 A8 00 27 4A 00 10 49
C0 00 00 00 18 FF 00 30 C6 00 11 7B 00 16 C4 00 22 7C 00 19 BF 00 27 4C 00 10 66
C0 00 00 00 18 F4 00 30 BE 00 11 61 00 16 99 00 22 45 00 19 A4 00 27 44 00 10 44
C0 00 00 00 18 D6 00 30 D9 00 11 90 00 16 8A 00 22 58 00 19 AB 00 27 45 00 10 6B
C0 00 00 00 18 D5 00 30 BA 00 11 7C 00 16 90 00 22 5B 00 19 B3 00 27 5A 00 10 4B
C0 00 00 00 18 ED 00 30 A5 00 11 6B 00 16 9C 00 22 66 00 19 9D 00 27 73 00 10 58
C0 00 00 00 18 D5 00 30 C1 00 11 65 00 16 B7 00 22 40 00 19 9E 00 27 5A 00 10 70
C0 00 00 00 18 E7 00 30 C4 00 11 6D 00 16 9E 00 22 63 00 19 BF 00 27 59 00 10 5F
C0 00 00 00 19 0E 00 30 B1 00 11 7F 00 16 C2 00 22 43 00 19 B5 00 27 4D 00 10 6C
C0 00 00 00 18 D7 00 30 BB 00 11 7C 00 16 9C 00 22 63 00 19 A9 00 27 43 00 10 6D
C0 00 00 00 18 DC 00 30 AF 00 11 9F 00 16 AC 00 22 3E 00 19 99 00 27 41 00 10 59
C0 00 00 00 18 CD 00 30 B9 00 11 7D 00 16 7A 00 22 61 00 19 A2 00 27 48 00 10 55
C0 00 00 00 18 E0 00 30 A6 00 11 5B 00 16 95 00 22 5A 00 19 AD 00 27 6D 00 10 62
C0 00 00 00 19 0D 00 30 A1 00 11 68 00 16 A9 00 22 43 00 19 9F 00 27 48 00 10 58
C0 00 00 00 18 D1 00 30 AA 00 11 68 00 16 66 00 22 55 00 19 B0 00 27 53 00 10 70
C0 00 00 00 18 F0 00 30 8C 00 11 5E 00 16 9B 00 22 5E 00 19 A9 00 27 60 00 10 4D
C0 00 00 00 18 F9 00 30 B9 00 11 79 00 16 AB 00 22 4B 00 19 B0 00 27 4D 00 10 53
C0 00 00 00 18 DF 00 30 BA 00 11 70 00 16 9F 00 22 61 00 19 AB 00 27 50 00 10 7D
C0 00 00 00 18 E5 00 30 A4 00 11 57 00 16 7C 00 22 55 00 19 9B 00 27 66 00 10 4E
C0 00 00 00 18 E1 00 30 BF 00 11 7D 00 16 97 00 22 48 00 19 B3 00 27 50 00 10 44
C0 00 00 00 18 DB 00 30 B2 00 11 7F 00 16 98 00 22 6B 00 19 BD 00 27 66 00 10 5D
C0 00 00 00 18 DC 00 30 C4 00 11 88 00 16 AE 00 22 52 00 19 C8 00 27 59 00 10 58
C0 00 00 00 18 F1 00 30 83 00 11 6D 00 16 9D 00 22 38 00 19 A3 00 27 6B 00 10 4E
C0 00 00 00 18 FE 00 30 A6 00 11 71 00 16 85 00 22 43 00 19 A6 00 27 60 00 10 68
C0 00 00 00 19 05 00 30 C4 00 11 88 00 16 AC 00 22 71 00 19 A0 00 27 5E 00 10 62
C0 00 00 00 18 EB 00 30 AC 00 11 95 00 16 A7 00 22 4A 00 19 A6 00 27 72 00 10 4F
C0 00 00 00 18 F7 00 30 CE 00 11 81 00 16 B0 00 22 45 00 19 95 00 27 50 00 10 6C
C0 00 00 00 18 E5 00 30 C0 00 11 7E 00 16 8F 00 22 45 00 19 B2 00 27 4A 00 10 42
C0 00 00 00 18 F4 00 30 C9 00 11 9C 00 16 A9 00 22 63 00 19 C1 00 27 53 00 10 72
C0 00 00 00 18 F4 00 30 A5 00 11 77 00 16 BA 00 22 4D 00 19 B2 00 27 68 00 10 66
C0 00 00 00 18 F9 00 30 D0 00 11 7E 00 16 8F 00 22 6A 00 19 C6 00 27 68 00 10 6D
C0 00 00 00 18 E0 00 30 BA 00 11 93 00 16 BB 00 22 60 00 19 BE 00 27 52 00 10 50
C0 00 00 00 18 DE 00 30 D0 00 11 90 00 16 AC 00 22 61 00 19 B1 00 27 65 00 10 52
C0 00 00 00 18 EB 00 30 AC 00 11 7E 00 16 B0 00 22 59 00 19 BA 00 27 3A 00 10 3E
C0 00 00 00 18 D7 00 30 B8 00 11 81 00 16 89 00 22 61 00 19 C5 00 27 66 00 10 61
C0 00 00 00 18 E8 00 30 BE 00 11 6F 00 16 85 00 22 64 00 19 AC 00 27 3B 00 10 3C
C0 00 00 00 18 E7 00 30 C3 00 11 8C 00 16 9C 00 22 54 00 19 9E 00 27 44 00 10 48
C0 00 00 00 18 C9 00 30 BD 00 11 74 00 16 A2 00 22 55 00 19 C6 00 27 3D 00 10 50
C0 00 00 00 18 EB 00 30 8D 00 11 7A 00 16 98 00 22 6B 00 19 C1 00 27 56 00 10 69
C0 00 00 00 18 EA 00 30 AF 00 11 82 00 16 A4 00 22 43 00 19 85 00 27 64 00 10 5F
C0 00 00 00 18 FB 00 30 BF 00 11 7D 00 16 AA 00 22 4F 00 19 D3 00 27 6E 00 10 61
C0 00 00 00 18 CF 00 30 C3 00 11 77 00 16 B8 00 22 4D 00 19 C5 00 27 47 00 10 41
C0 00 00 00 18 FA 00 30 AA 00 11 8C 00 16 A6 00 22 5E 00 19 A3 00 27 4B 00 10 62
C0 00 00 00 18 E8 00 30 B2 00 11 72 00 16 94 00 22 5F 00 19 A1 00 27 51 00 10 3F
C0 00 00 00 18 F8 00 30 AD 00 11 72 00 16 A4 00 22 43 00 19 A9 00 27 55 00 10 85
C0 00 00 00 18 DE 00 30 85 00 11 77 00 16 9A 00 22 5E 00 19 A8 00 27 64 00 10 58
C0 00 00 00 19 04 00 30 BD 00 11 88 00 16 9F 00 22 6D 00 19 BE 00 27 77 00 10 5E
C0 00 00 00 18 E1 00 30 BF 00 11 81 00 16 89 00 22 67 00 19 A8 00 27 5C 00 10 6B
C0 00 00 00 18 F5 00 30 C3 00 11 94 00 16 A9 00 22 5C 00 19 AE 00 27 51 00 10 61
C0 00 00 00 18 DA 00 30 BE 00 11 63 00 16 AA 00 22 5C 00 19 AC 00 27 59 00 10 56
C0 00 00 00 18 E3 00 30 B4 00 11 87 00 16 A7 00 22 54 00 19 B7 00 27 53 00 10 6B
C0 00 00 00 18 E1 00 30 B7 00 11 7E 00 16 90 00 22 4A 00 19 9D 00 27 5D 00 10 53
C0 00 00 00 19 06 00 30 9B 00 11 64 00 16 A4 00 22 53 00 19 BB 00 27 50 00 10 64
C0 00 00 00 18 DC 00 30 B0 00 11 68 00 16 A2 00 22 64 00 19 BD 00 27 4C 00 10 4E
C0 00 00 00 18 D7 00 30 BB 00 11 7F 00 16 7D 00 22 68 00 19 94 00 27 4A 00 10 5B
C0 00 00 00 18 DC 00 30 B0 00 11 88 00 16 8C 00 22 4F 00 19 9A 00 27 51 00 10 46
C0 00 00 00 18 F2 00 30 C9 00 11 7B 00 16 9E 00 22 69 00 19 92 00 27 50 00 10 5D
C0 00 00 00 18 F9 00 30 A5 00 11 79 00 16 9D 00 22 5D 00 19 A3 00 27 72 00 10 79
C0 00 00 00 18 DB 00 30 BA 00 11 93 00 16 BA 00 22 54 00 19 AE 00 27 5A 00 10 6C
C0 00 00 00 19 13 00 30 D3 00 11 8E 00 16 B8 00 22 90 00 19 AC 00 27 36 00 10 67
C0 00 00 00 18 F2 00 30 BF 00 11 84 00 16 AA 00 22 70 00 19 A1 00 27 4D 00 10 75
C0 00 00 00 18 ED 00 30 BD 00 11 97 00 16 A4 00 22 73 00 19 C7 00 27 4B 00 10 4E
C0 00 00 00 18 E0 00 30 D0 00 11 97 00 16 A7 00 22 3E 00 19 C6 00 27 4D 00 10 5C
C0 00 00 00 19 15 00 30 A9 00 11 81 00 16 B1 00 22 52 00 19 B5 00 27 57 00 10 73
C0 00 00 00 18 E0 00 30 B9 00 11 7C 00 16 9F 00 22 6E 00 19 A6 00 27 4B 00 10 5D
C0 00 00 00 18 E1 00 30 C3 00 11 71 00 16 98 00 22 64 00 19 A1 00 27 63 00 10 8D
C0 00 00 00 18 F7 00 30 CE 00 11 78 00 16 AC 00 22 61 00 19 93 00 27 5F 00 10 49
C0 00 00 00 18 D7 00 30 AD 00 11 6E 00 16 AC 00 22 6E 00 19 DB 00 27 53 00 10 6B
C0 00 00 00 19 0A 00 30 B7 00 11 99 00 16 93 00 22 40 00 19 C4 00 27 37 00 10 4B
C0 00 00 00 18 EC 00 30 B2 00 11 8F 00 16 91 00 22 5B 00 19 90 00 27 39 00 10 72
C0 00 00 00 18 EF 00 30 96 00 11 7C 00 16 90 00 22 5B 00 19 BA 00 27 61 00 10 66
C0 00 00 00 18 EC 00 30 D1 00 11 81 00 16 97 00 22 7C 00 19 BA 00 27 79 00 10 63
C0 00 00 00 19 05 00 30 9E 00 11 88 00 16 A2 00 22 7C 00 19 A3 00 27 5F 00 10 4E
C0 00 00 00 19 16 00 30 AD 00 11 70 00 16 89 00 22 42 00 19 B8 00 27 65 00 10 64
C0 00 00 00 19 09 00 30 B7 00 11 8C 00 16 A4 00 22 60 00 19 D6 00 27 60 00 10 3F
C0 00 00 00 18 DE 00 30 C3 00 11 88 00 16 7C 00 22 6F 00 19 A0 00 27 78 00 10 4B
C0 00 00 00 18 F4 00 30 AB 00 11 83 00 16 AA 00 22 5A 00 19 A8 00 27 4D 00 10 6A
C0 00 00 00 18 F4 00 30 B2 00 11 84 00 16 89 00 22 6B 00 19 A8 00 27 37 00 10 4B
C0 00 00 00 19 10 00 30 C0 00 11 85 00 16 9E 00 22 68 00 19 B9 00 27 65 00 10 62
C0 00 00 00 18 FB 00 30 B4 00 11 76 00 16 A5 00 22 5B 00 19 9C 00 27 5B 00 10 77
C0 00 00 00 18 F3 00 30 A1 00 11 92 00 16 88 00 22 5A 00 19 B3 00 27 57 00 10 69
C0 00 00 00 18 E5 00 30 A7 00 11 79 00 16 A7 00 22 54 00 19 A0 00 27 68 00 10 44
C0 00 00 00 18 E9 00 30 A0 00 11 83 00 16 A1 00 22 60 00 19 9F 00 27 5E 00 10 66
C0 00 00 00 18 F1 00 30 B1 00 11 85 00 16 98 00 22 63 00 19 A4 00 27 69 00 10 5F
C0 00 00 00 18 F1 00 30 AC 00 11 7C 00 16 98 00 22 63 00 19 AB 00 27 48 00 10 48
C0 00 00 00 18 E6 00 30 8E 00 11 73 00 16 9D 00 22 63 00 19 BD 00 27 4F 00 10 61
C0 00 00 00 19 0A 00 30 94 00 11 70 00 16 86 00 22 5E 00 19 99 00 27 43 00 10 45
C0 00 00 00 18 FE 00 30 BE 00 11 55 00 16 8F 00 22 7A 00 19 AA 00 27 7A 00 10 58
C0 00 00 00 18 EB 00 30 CD 00 11 8E 00 16 AC 00 22 55 00 19 95 00 27 31 00 10 85
C0 00 00 00 18 F9 00 30 B5 00 11 80 00 16 A4 00 22 75 00 19 BE 00 27 78 00 10 47
C0 00 00 00 18 F6 00 30 B5 00 11 75 00 16 8B 00 22 6D 00 19 8A 00 27 7C 00 10 3D
C0 00 00 00 18 E2 00 30 A8 00 11 68 00 16 BD 00 22 81 00 19 94 00 27 67 00 10 5C
C0 00 00 00 18 F5 00 30 BA 00 11 8B 00 16 AE 00 22 3D 00 19 A3 00 27 5E 00 10 6F
C0 00 00 00 18 E6 00 30 A7 00 11 A6 00 16 B3 00 22 7D 00 19 BB 00 27 68 00 10 5F
C0 00 00 00 19 29 00 30 B0 00 11 95 00 16 AB 00 22 4F 00 19 B2 00 27 47 00 10 46
C0 00 00 00 18 E3 00 30 B2 00 11 7F 00 16 8A 00 22 63 00 19 D5 00 27 68 00 10 77
C0 00 00 00 18 E3 00 30 BD 00 11 7B 00 16 8C 00 22 5A 00 19 B3 00 27 5B 00 10 68
C0 00 00 00 18 CC 00 30 91 00 11 93 00 16 B3 00 22 89 00 19 C1 00 27 62 00 10 69
C0 00 00 00 18 F4 00 30 B4 00 11 6B 00 16 B4 00 22 81 00 19 AB 00 27 66 00 10 2A
C0 00 00 00 18 F0 00 30 BF 00 11 8E 00 16 B3 00 22 4A 00 19 A0 00 27 5A 00 10 61
C0 00 00 00 18 FF 00 30 9C 00 11 8B 00 16 9A 00 22 70 00 19 BC 00 27 46 00 10 57
C0 00 00 00 18 FE 00 30 C0 00 11 9F 00 16 A2 00 22 42 00 19 AF 00 27 6D 00 10 65
C0 00 00 00 18 ED 00 30 BC 00 11 84 00 16 7F 00 22 57 00 19 9D 00 27 5E 00 10 7D
C0 00 00 00 18 E3 00 30 B4 00 11 7F 00 16 9B 00 22 3F 00 19 B2 00 27 5B 00 10 5A
C0 00 00 00 18 D5 00 30 D5 00 11 8B 00 16 86 00 22 3C 00 19 D2 00 27 6E 00 10 53
C0 00 00 00 19 05 00 30 A2 00 11 84 00 16 93 00 22 57 00 19 A9 00 27 69 00 10 70
C0 00 00 00 19 18 00 30 C9 00 11 86 00 16 A5 00 22 61 00 19 C1 00 27 50 00 10 67
C0 00 00 00 18 DE 00 30 B5 00 11 A1 00 16 90 00 22 34 00 19 BD 00 27 69 00 10 69
C0 00 00 00 18 FB 00 30 C7 00 11 97 00 16 A9 00 22 4B 00 19 B8 00 27 61 00 10 5C
C0 00 00 00 19 0E 00 30 AD 00 11 7D 00 16 A7 00 22 75 00 19 B3 00 27 69 00 10 4F
C0 00 00 00 18 F0 00 30 AB 00 11 9C 00 16 85 00 22 5F 00 19 B9 00 27 51 00 10 51
C0 00 00 00 18 F6 00 30 93 00 11 89 00 16 83 00 22 54 00 19 B3 00 27 65 00 10 80
C0 00 00 00 18 F1 00 30 9E 00 11 72 00 16 7A 00 22 61 00 19 92 00 27 56 00 10 4D
C0 00 00 00 18 F5 00 30 B0 00 11 9D 00 16 C5 00 22 69 00 19 C9 00 27 70 00 10 50
C0 00 00 00 18 E3 00 30 A8 00 11 8A 00 16 A1 00 22 6B 00 19 8C 00 27 68 00 10 41
C0 00 00 00 18 F0 00 30 A3 00 11 75 00 16 9A 00 22 5D 00 19 BC 00 27 5F 00 10 41
C0 00 00 00 18 E5 00 30 A8 00 11 7D 00 16 A1 00 22 50 00 19 C1 00 27 53 00 10 50
C0 00 00 00 19 0A 00 30 8F 00 11 9C 00 16 99 00 22 48 00 19 C6 00 27 58 00 10 61
C0 00 00 00 18 D3 00 30 88 00 11 84 00 16 7C 00 22 4F 00 19 BE 00 27 5F 00 10 55
C0 00 00 00 19 03 00 30 BC 00 11 8B 00 16 A1 00 22 75 00 19 B0 00 27 73 00 10 6B
C0 00 00 00 18 E9 00 30 9D 00 11 63 00 16 9D 00 22 77 00 19 A4 00 27 5C 00 10 65
C0 00 00 00 18 E9 00 30 D0 00 11 5E 00 16 89 00 22 67 00 19 B3 00 27 64 00 10 6E
C0 00 00 00 18 EF 00 30 AC 00 11 99 00 16 8D 00 22 54 00 19 CE 00 27 63 00 10 70
C0 00 00 00 18 F2 00 30 B4 00 11 88 00 16 A8 00 22 78 00 19 B4 00 27 66 00 10 7B
C0 00 00 00 18 F7 00 30 B7 00 11 6F 00 16 9E 00 22 51 00 19 A3 00 27 66 00 10 4C
C0 00 00 00 18 DC 00 30 CA 00 11 83 00 16 A2 00 22 66 00 19 B9 00 27 66 00 10 70
C0 00 00 00 18 ED 00 30 C2 00 11 6C 00 16 97 00 22 64 00 19 A0 00 27 81 00 10 56
C0 00 00 00 19 07 00 30 A6 00 11 81 00 16 B3 00 22 56 00 19 BA 00 27 70 00 10 4D
C0 00 00 00 18 FC 00 30 A6 00 11 8B 00 16 9C 00 22 66 00 19 B1 00 27 70 00 10 34
C0 00 00 00 19 06 00 30 A8 00 11 69 00 16 B0 00 22 7A 00 19 9E 00 27 60 00 10 69
C0 00 00 00 18 E8 00 30 C1 00 11 7C 00 16 94 00 22 5C 00 19 B7 00 27 55 00 10 6E
C0 00 00 00 18 F4 00 30 AC 00 11 8B 00 16 A2 00 22 55 00 19 A8 00 27 59 00 10 63
C0 00 00 00 18 FF 00 30 9A 00 11 7B 00 16 A2 00 22 30 00 19 CB 00 27 72 00 10 6B
C0 00 00 00 18 E5 00 30 B6 00 11 84 00 16 A7 00 22 5F 00 19 A0 00 27 6B 00 10 6D
C0 00 00 00 18 DC 00 30 AD 00 11 A2 00 16 96 00 22 4D 00 19 B4 00 27 68 00 10 5A
C0 00 00 00 18 E5 00 30 BB 00 11 99 00 16 9D 00 22 77 00 19 A4 00 27 65 00 10 4D
C0 00 00 00 18 E4 00 30 A7 00 11 69 00 16 B0 00 22 69 00 19 AD 00 27 6E 00 10 58
C0 00 00 00 18 EE 00 30 BA 00 11 7C 00 16 70 00 22 59 00 19 AF 00 27 73 00 10 50
C0 00 00 00 19 04 00 30 A6 00 11 8B 00 16 A8 00 22 59 00 19 A3 00 27 6D 00 10 5D
C0 00 00 00 18 CA 00 30 B5 00 11 A5 00 16 BD 00 22 70 00 19 A5 00 27 3C 00 10 67
C0 00 00 00 19 05 00 30 B0 00 11 78 00 16 BB 00 22 81 00 19 AE 00 27 68 00 10 82
C0 00 00 00 18 E9 00 30 D7 00 11 59 00 16 82 00 22 70 00 19 BC 00 27 5E 00 10 58
C0 00 00 00 18 D7 00 30 A6 00 11 8B 00 16 7E 00 22 4D 00 19 B5 00 27 6D 00 10 54
C0 00 00 00 18 F3 00 30 BA 00 11 66 00 16 A3 00 22 66 00 19 BB 00 27 73 00 10 7B
C0 00 00 00 18 EB 00 30 A9 00 11 6A 00 16 95 00 22 50 00 19 AD 00 27 77 00 10 6B
C0 00 00 00 18 EE 00 30 AD 00 11 7B 00 16 7F 00 22 4E 00 19 B4 00 27 5E 00 10 61
C0 00 00 00 18 FA 00 30 92 00 11 A3 00 16 A9 00 22 5D 00 19 B7 00 27 51 00 10 68
C0 00 00 00 18 E7 00 30 A0 00 11 89 00 16 B3 00 22 49 00 19 B5 00 27 6F 00 10 7C
C0 00 00 00 18 FC 00 30 B6 00 11 9D 00 16 A6 00 22 5E 00 19 B0 00 27 75 00 10 5A
C0 00 00 00 18 B5 00 30 C8 00 11 93 00 16 9D 00 22 7A 00 19 C4 00 27 69 00 10 8B
C0 00 00 00 18 E1 00 30 A4 00 11 70 00 16 B8 00 22 48 00 19 D1 00 27 78 00 10 69
C0 00 00 00 18 D4 00 30 B9 00 11 89 00 16 BA 00 22 67 00 19 A9 00 27 73 00 10 5A
C0 00 00 00 18 D3 00 30 B4 00 11 92 00 16 B3 00 22 6B 00 19 AB 00 27 6B 00 10 50
C0 00 00 00 19 17 00 30 AD 00 11 69 00 16 A6 00 22 81 00 19 B8 00 27 6D 00 10 81
C0 00 00 00 18 EA 00 30 C1 00 11 87 00 16 84 00 22 5C 00 19 A3 00 27 6D 00 10 61
C0 00 00 00 18 E3 00 30 C1 00 11 6D 00 16 A7 00 22 60 00 19 9F 00 27 5B 00 10 62
C0 00 00 00 19 04 00 30 B6 00 11 7D 00 16 A6 00 22 55 00 19 BE 00 27 65 00 10 62
C0 00 00 00 18 FA 00 30 B2 00 11 6F 00 16 AB 00 22 5E 00 19 AF 00 27 6A 00 10 76
C0 00 00 00 18 EE 00 30 91 00 11 5C 00 16 83 00 22 7C 00 19 A5 00 27 65 00 10 6B
C0 00 00 00 18 D9 00 30 B3 00 11 76 00 16 A8 00 22 7C 00 19 A0 00 27 68 00 10 64
C0 00 30 00 18 F4 00 30 9E 00 11 88 00 16 A8 00 22 57 00 19 94 00 27 56 00 10 64
C0 00 30 00 18 E3 00 30 AB 00 11 7D 00 16 AD 00 22 72 00 19 B2 00 27 68 00 10 73
C0 00 30 00 18 F2 00 30 A3 00 11 6F 00 16 9D 00 22 6E 00 19 99 00 27 4A 00 10 7E
C0 00 30 00 18 EB 00 30 AB 00 11 75 00 16 96 00 22 7A 00 19 98 00 27 77 00 10 8A
C0 00 30 00 18 D8 00 30 B6 00 11 8A 00 16 97 00 22 5C 00 19 9E 00 27 61 00 10 6F
C0 00 30 00 19 0E 00 30 95 00 11 95 00 16 A6 00 22 6C 00 19 C1 00 27 57 00 10 41
C0 00 30 00 18 EB 00 30 AA 00 11 88 00 16 A4 00 22 75 00 19 AD 00 27 49 00 10 84
C0 00 30 00 19 09 00 30 BF 00 11 83 00 16 C4 00 22 58 00 19 C2 00 27 53 00 10 4A
C0 00 30 00 18 FB 00 30 C4 00 11 84 00 16 A2 00 22 5C 00 19 DB 00 27 6B 00 10 63
C0 00 30 00 18 E0 00 30 C8 00 11 5D 00 16 A4 00 22 5F 00 19 DF 00 27 6B 00 10 52
C0 00 30 00 18 E5 00 30 A7 00 11 7E 00 16 8C 00 22 75 00 19 CB 00 27 60 00 10 78
C0 00 30 00 18 F2 00 30 9F 00 11 70 00 16 BF 00 22 69 00 19 BC 00 27 7C 00 10 5F
C0 00 30 00 18 EE 00 30 8C 00 11 83 00 16 AC 00 22 62 00 19 BC 00 27 55 00 10 70
C0 00 30 00 18 F8 00 30 A6 00 11 97 00 16 B3 00 22 6F 00 19 A6 00 27 55 00 10 78
C0 00 30 00 18 EA 00 30 B0 00 11 8C 00 16 9C 00 22 69 00 19 C9 00 27 40 00 10 4E
C0 00 30 00 18 E0 00 30 B4 00 11 7A 00 16 AC 00 22 6A 00 19 C8 00 27 4D 00 10 6C
C0 00 30 00 18 ED 00 30 C6 00 11 A7 00 16 95 00 22 57 00 19 B3 00 27 63 00 10 65
C0 00 30 00 18 F7 00 30 A1 00 11 77 00 16 B2 00 22 60 00 19 93 00 27 72 00 10 5C
C0 00 30 00 18 E5 00 30 86 00 11 93 00 16 B1 00 22 45 00 19 A7 00 27 67 00 10 43
C0 00 30 00 19 01 00 30 B5 00 11 84 00 16 88 00 22 53 00 19 E6 00 27 52 00 10 4A
C0 00 30 00 18 CE 00 30 BC 00 11 95 00 16 82 00 22 63 00 19 B2 00 27 65 00 10 5C
C0 00 30 00 18 DE 00 30 BD 00 11 98 00 16 97 00 22 78 00 19 B5 00 27 5E 00 10 59
C0 00 30 00 18 F5 00 30 AD 00 11 9C 00 16 6B 00 22 7C 00 19 B2 00 27 5B 00 10 4E
C0 00 30 00 19 0E 00 30 BA 00 11 6C 00 16 A6 00 22 8C 00 19 B3 00 27 5D 00 10 7A
C0 00 30 00 18 ED 00 30 BC 00 11 89 00 16 A7 00 22 79 00 19 CF 00 27 7A 00 10 74
C0 00 30 00 18 F0 00 30 B0 00 11 82 00 16 BB 00 22 58 00 19 CE 00 27 72 00 10 49
C0 00 30 00 18 C3 00 30 C1 00 11 60 00 16 97 00 22 74 00 19 AC 00 27 5A 00 10 5E
C0 00 30 00 18 F6 00 30 92 00 11 98 00 16 8E 00 22 63 00 19 B7 00 27 55 00 10 62
C0 00 30 00 18 DE 00 30 B2 00 11 80 00 16 A7 00 22 7B 00 19 C1 00 27 50 00 10 75
C0 00 30 00 18 EF 00 30 AD 00 11 90 00 16 B6 00 22 67 00 19 CE 00 27 68 00 10 71
C0 00 30 00 18 F3 00 30 AA 00 11 8C 00 16 93 00 22 5A 00 19 95 00 27 99 00 10 5C
C0 00 30 00 19 0C 00 30 B3 00 11 86 00 16 91 00 22 50 00 19 9C 00 27 68 00 10 60
C0 00 30 00 18 D5 00 30 BD 00 11 57 00 16 88 00 22 60 00 19 A1 00 27 4D 00 10 70
C0 00 30 00 18 D3 00 30 A5 00 11 6D 00 16 97 00 22 75 00 19 B3 00 27 58 00 10 5A
C0 00 30 00 18 EB 00 30 A5 00 11 85 00 16 8B 00 22 4E 00 19 B8 00 27 5F 00 10 5D
C0 00 30 00 18 DA 00 30 A2 00 11 86 00 16 A7 00 22 63 00 19 C1 00 27 5A 00 10 5B
C0 00 30 00 18 F2 00 30 A5 00 11 81 00 16 A8 00 22 53 00 19 CD 00 27 7C 00 10 61
C0 00 30 00 18 F2 00 30 AB 00 11 7D 00 16 93 00 22 67 00 19 B9 00 27 81 00 10 80
C0 00 30 00 18 F2 00 30 85 00 11 76 00 16 85 00 22 60 00 19 C5 00 27 7D 00 10 64
C0 00 30 00 18 F4 00 30 A0 00 11 95 00 16 93 00 22 5A 00 19 AC 00 27 75 00 10 69
C0 00 30 00 18 F0 00 30 A1 00 11 7D 00 16 9C 00 22 5D 00 19 B9 00 27 43 00 10 6A
C0 00 30 00 18 D7 00 30 BC 00 11 85 00 16 90 00 22 62 00 19 92 00 27 60 00 10 4D
C0 00 30 00 18 DD 00 30 B2 00 11 61 00 16 92 00 22 68 00 19 C9 00 27 6B 00 10 4C
C0 00 30 00 18 EA 00 30 B9 00 11 81 00 16 95 00 22 66 00 19 B1 00 27 64 00 10 7F
C0 00 30 00 18 B8 00 30 D2 00 11 A1 00 16 A2 00 22 6D 00 19 C7 00 27 6E 00 10 61
C0 00 30 00 18 ED 00 30 A8 00 11 87 00 16 94 00 22 5C 00 19 C1 00 27 91 00 10 6E
C0 00 30 00 19 08 00 30 BF 00 11 88 00 16 6E 00 22 78 00 19 B7 00 27 4E 00 10 88
C0 00 30 00 18 F6 00 30 B6 00 11 6B 00 16 82 00 22 7F 00 19 A7 00 27 88 00 10 71
C0 00 30 00 18 F7 00 30 A1 00 11 7A 00 16 95 00 22 78 00 19 B6 00 27 7A 00 10 69